[22,27,16,2,18,6]-->Insertion sort

22,27,16,2,18,6

22,16,27,2,18,6

16,22,27,2,18,6

16,22,2,27,18,6

16,2,22,27,18,6

2,16,22,27,18,6

2,16,22,18,27,6

2,16,18,22,27,6

2,16,18,22,6,27

2,16,18,6,22,27

2,16,6,18,22,27

2,6,16,18,22,27


Dizi sıralandıktan sonra 18 sayısı Average case  kapsamına girer.

O(n^2)



[7,3,5,8,2,9,4,15,6] dizisinin Selection Sort'a göre ilk 4 adımını yazınız.

[2,7,3,5,8,9,4,15,6]

[2,3,7,5,8,9,4,15,6]

[2,3,4,7,5,8,9,15,6]

[2,3,4,5,7,8,9,15,6]